epochs=10, batch_size=8, validation_split=0.1 => Training Loss: 0.0007746318588033319
dataset/test/lr/portrait/1.png
SSIM: 0.8937
PSNR: 36.14 dB

epochs=50, batch_size=8, validation_split=0.1 => Training Loss: 0.0007746318588033319
dataset/test/lr/portrait/1.png
SSIM: 0.9161
PSNR: 37.80 dB
MSE: 11.37
FSIM: 0.9993